0.0 0.0 0.0 0.0 0.0 0.0 0.0 0.0 0.0 0.0 0.4 0.9839539812291855
0.05075192451477051 -0.0011488382006064057 0.00014888380246702582 0.029844094067811966 0.5919446349143982 -1.212942361831665 0.08951231837272644 0.007940033985243775 0.0010289895050639166 0.0 0.4 0.18987035999910223
0.10155892372131348 -0.0011733198771253228 0.00019700654956977814 0.02858135662972927 0.631121814250946 -1.1605323553085327 0.045513737946748734 0.001318758228125921 0.0004812824997848516 0.0 0.4 0.4312165267052228
0.15225696563720703 -0.0007352145039476454 0.0017429528525099158 0.02927202358841896 0.22880814969539642 -1.1966514587402344 -0.0815034806728363 -0.0018558598719440873 0.010891534825610177 0.0 0.4 0.42938927483376976
0.20300865173339844 -0.0012792845955118537 0.00043440714944154024 0.028709793463349342 0.6327129006385803 -0.46941566467285156 -0.19148114323616028 0.004497232056393836 -0.007299411468878487 0.0 0.4 0.45232771029857005
0.25376057624816895 -0.0030945485923439264 -0.008976188488304615 0.02730918675661087 1.647017002105713 0.2734186351299286 -0.731072723865509 0.013827752629829906 -0.06460421343041185 0.0 0.4 0.47319589280832797
0.30451297760009766 0.0026713565457612276 -0.01302243024110794 0.04681897163391113 0.09995035827159882 -1.4848319292068481 -0.30480483174324036 -0.03675081843462707 -0.036946549027885564 0.0 0.4 0.31218600981630984
0.35526537895202637 0.0041661798022687435 -0.005813556257635355 0.06787559390068054 -1.9158657789230347 0.3353559672832489 -0.6666402220726013 -0.013000796728019522 0.03678710096003089 0.0 0.4 0.28992013752094115
0.406017541885376 -0.0001473284064559266 0.005888050422072411 0.07898936420679092 -2.9295990467071533 0.7220994234085083 0.33747398853302 0.02564515119900663 0.07504582067432644 0.0 0.4 0.36178274346704004
0.4567692279815674 0.00645073689520359 -0.0018548961961641908 0.11593165993690491 0.47883492708206177 -2.426499605178833 -0.2594432234764099 -0.045454043548273544 -0.04763480612796834 0.0 0.4 0.143593294528563
0.507521390914917 0.008106081746518612 -0.0090532461181283 0.13617153465747833 1.0033924579620361 -1.2227368354797363 -0.1997065395116806 -0.017895909188566404 -0.05161634046804152 0.0 0.4 0.25283055021671946
0.5582716464996338 -0.00038055586628615856 0.001746647758409381 0.15640974044799805 -1.8565136194229126 1.7647932767868042 -0.1393025666475296 0.05054070408727138 0.06557312377992264 0.0 0.4 0.23958821626839585
0.6090233325958252 0.004982551094144583 0.003775640157982707 0.19021674990653992 -1.9675567150115967 -0.4235323965549469 -0.20209582149982452 -0.03669267603462149 0.015755747090082844 0.0 0.4 0.11153599767971542
0.6598343849182129 0.0063218772411346436 -0.0031494819559156895 0.22777467966079712 -0.13712631165981293 -0.5568441152572632 -0.6998671293258667 -0.01424051799453412 -0.04405035594684037 0.0 0.4 0.04999007722380955
0.7105298042297363 0.004907364025712013 -0.006616225931793451 0.25543898344039917 0.06441297382116318 0.36287304759025574 -0.9429912567138672 0.0034494917689114326 -0.027147212056824098 0.0 0.4 0.09676491828032296
0.7612817287445068 0.0005049224710091949 0.0050285328179597855 0.2910594940185547 -1.314405918121338 0.8979231715202332 -0.7400954961776733 0.0255032011519589 0.07384567733334906 0.0 0.4 0.004306501156285225
0.8120346069335938 0.0023187098558992147 0.0025299254339188337 0.32082974910736084 -0.6225489974021912 0.25673723220825195 -0.47576507925987244 -0.01305588881484864 -0.012253669333479569 0.0 0.4 0.0175552972158306
0.8627839088439941 -0.02007867768406868 0.00591817544773221 0.34966811537742615 -0.5024784207344055 1.537867546081543 -0.33697032928466797 0.15246746430415248 0.025935319290840062 0.0 0.4 -0.005087790052898278
0.9135379791259766 -0.018398603424429893 0.006009956821799278 0.3677290976047516 -0.3367774188518524 0.3992372751235962 0.039063047617673874 0.008466306232560611 0.006543294521432806 0.0 0.4 0.055099962670177555
0.9642901420593262 -0.009472447447478771 0.0033718643244355917 0.38422200083732605 -0.00031116738682612777 -1.1456695795059204 0.3636634647846222 -0.04328530548998146 -0.012228894568491903 0.0 0.4 0.04923813874045388
1.015040636062622 -0.022056354209780693 0.003933746367692947 0.3947437107563019 0.17690524458885193 -0.8461124300956726 0.5515918731689453 0.09645670919454763 0.007250250013995621 0.0 0.4 0.08156732838092298
1.0657954216003418 -0.027170348912477493 0.014088857918977737 0.4045799970626831 -0.37174922227859497 0.4335414171218872 0.7236181497573853 0.05742395445715522 0.07411305332955487 0.0 0.4 0.07576261921871419
1.1165452003479004 -0.023085013031959534 0.019987795501947403 0.41344740986824036 -0.2548198401927948 -0.21898949146270752 0.8457303047180176 -0.0010261634187949432 0.054866800870241164 0.0 0.4 0.07274491952857343
1.167297601699829 -0.02660597860813141 0.029686041176319122 0.41299667954444885 -0.035084739327430725 -1.4358291625976562 1.0008994340896606 0.047469890697060924 0.08703375139083869 0.0 0.4 0.14070634458419304
1.2180852890014648 -0.034130435436964035 0.033815402537584305 0.417563796043396 0.6450467109680176 -0.2799159288406372 1.1374064683914185 0.0786437074659205 0.05824432398045899 0.0 0.4 0.09858083000922316
1.2688558101654053 -0.032496146857738495 0.04014210030436516 0.4150537848472595 1.1343708038330078 -0.2884666621685028 1.1874324083328247 0.022922876433380326 0.0775819738221574 0.0 0.4 0.1523269263410445
1.319608449935913 -0.03576552867889404 0.04833732545375824 0.41286829113960266 1.0999211072921753 -1.129050374031067 1.3185482025146484 0.05519188468174857 0.09685773067982703 0.0 0.4 0.15187560528106125
1.3703060150146484 -0.03909122198820114 0.05171680077910423 0.41065776348114014 1.0162526369094849 -0.9137484431266785 1.5103063583374023 0.05889076724656217 0.07181826338430664 0.0 0.4 0.15408974664448571
1.421058177947998 -0.040565378963947296 0.05577652528882027 0.40551501512527466 1.5643221139907837 -0.7129029035568237 1.67536461353302 0.0494193912263692 0.0799047583875044 0.0 0.4 0.18081898892639528
1.471808671951294 -0.0421200655400753 0.05976282060146332 0.3996730446815491 1.634997844696045 -1.163832426071167 1.791722059249878 0.051471378406340085 0.0834871012534052 0.0 0.4 0.19225196271713604
1.5225608348846436 -0.04521194100379944 0.05992097407579422 0.39157891273498535 1.5287542343139648 -0.8077086806297302 1.8435074090957642 0.06367155670625813 0.0610464054343146 0.0 0.4 0.2177285008777159
1.573312520980835 -0.043709609657526016 0.060291603207588196 0.38285860419273376 1.9495855569839478 -1.0224204063415527 1.7768946886062622 0.035034991151205536 0.06270352031531604 0.0 0.4 0.23234054009692479
1.62410569190979 -0.04336360841989517 0.06110652536153793 0.37496253848075867 1.8557703495025635 -1.194748878479004 1.779973030090332 0.041547995811465205 0.06617161455579629 0.0 0.4 0.23571997718082158
1.674818515777588 -0.041514504700899124 0.06112438067793846 0.3663350045681 1.672094464302063 -1.1570740938186646 1.7041900157928467 0.03082532791597041 0.06151290984386406 0.0 0.4 0.2516801136254216
1.7256019115447998 -0.04330207034945488 0.058936771005392075 0.36030909419059753 1.8352659940719604 -0.9141745567321777 1.729311227798462 0.054133046889744546 0.046326980928698386 0.0 0.4 0.24056995393830127
1.776355266571045 -0.040008340030908585 0.0563494972884655 0.35497209429740906 1.8189054727554321 -1.0298675298690796 1.7191499471664429 0.02083147643584683 0.041398923949861166 0.0 0.4 0.24294929114853395
1.8270738124847412 -0.04117168113589287 0.06505898386240005 0.34896260499954224 0.733628511428833 -0.8705298900604248 1.7492752075195312 0.04836560220317804 0.11694899558127964 0.0 0.4 0.256197653753059
1.8778252601623535 -0.03833068534731865 0.06381942331790924 0.34651118516921997 0.920659065246582 -1.1693012714385986 1.8856720924377441 0.021870037919297886 0.05689831748693186 0.0 0.4 0.23478262904306718
1.9286103248596191 -0.03613300248980522 0.0635155662894249 0.34423568844795227 1.072136640548706 -1.0715980529785156 1.9724137783050537 0.023502589122124315 0.06215907752477037 0.0 0.4 0.23793408810587113
1.9793317317962646 -0.0335792601108551 0.06249650567770004 0.34749898314476013 1.2813384532928467 -1.1807544231414795 2.0334768295288086 0.018844261041241456 0.056939533939138934 0.0 0.4 0.19588314947805924
2.030083656311035 -0.035263173282146454 0.06086086854338646 0.35257723927497864 0.8238009214401245 -0.5585320591926575 2.1354830265045166 0.04560395681432976 0.051694175138651294 0.0 0.4 0.17885461587488893
2.0808677673339844 -0.034725334495306015 0.05631914362311363 0.35557687282562256 1.1221585273742676 -0.5114649534225464 2.2205541133880615 0.031952893421289354 0.03002102714146158 0.0 0.4 0.1923553031780083
2.1316192150115967 -0.03611835837364197 0.05653419345617294 0.3585396409034729 1.0559864044189453 -0.33549773693084717 2.309539318084717 0.044775490478881234 0.058365510395783755 0.0 0.4 0.19087650700006026
2.182337999343872 -0.030094677582383156 0.03658989816904068 0.35624733567237854 1.5212897062301636 -0.49845409393310547 2.2385334968566895 -0.005095668855550028 -0.08079623725000865 0.0 0.4 0.23323322756996834
2.2330915927886963 -0.028884703293442726 0.028737260028719902 0.36245042085647583 1.0937926769256592 -0.4296106696128845 2.138192892074585 0.022187153720579854 -0.01707867288554854 0.0 0.4 0.16591014677845595
2.283843517303467 -0.027410484850406647 0.020290063694119453 0.36606842279434204 -0.07521757483482361 -0.022012660279870033 2.0020923614501953 0.01916501035861791 -0.02902945086536735 0.0 0.4 0.18204478743689892
2.3345954418182373 -0.02529638260602951 0.011163672432303429 0.36848166584968567 0.07375868409872055 -0.2906748652458191 1.8322240114212036 0.013281862081104278 -0.042162653574659786 0.0 0.4 0.18933594891704345
2.385348081588745 -0.024917202070355415 0.00402957433834672 0.3709721863269806 -0.26348230242729187 0.13814043998718262 1.6829063892364502 0.023170761426427454 -0.03751564599318405 0.0 0.4 0.18710875863605603
2.436098098754883 -0.0218165572732687 -0.005254053045064211 0.3720454275608063 -1.004499912261963 -0.3563145101070404 1.4766807556152344 0.003994391474094937 -0.05950833607668616 0.0 0.4 0.19727227478734385
2.4868500232696533 -0.02294616401195526 -0.013229349628090858 0.3793651759624481 -0.8908792734146118 -0.024173753336071968 1.3425253629684448 0.03014151079343609 -0.05975257866364535 0.0 0.4 0.14454463693045838
2.5376381874084473 -0.020421432331204414 -0.0165909044444561 0.38034915924072266 -1.5326637029647827 -0.2778903543949127 1.2866204977035522 0.006037259464866641 -0.03583521142734714 0.0 0.4 0.19037351978212533
2.5884103775024414 -0.018207097426056862 -0.022062376141548157 0.38828855752944946 -1.796088457107544 -0.5041159987449646 1.1479594707489014 0.005662094639641842 -0.05378970688223721 0.0 0.4 0.13150797546786291
2.639162302017212 -0.01848486252129078 -0.02601969800889492 0.3902139365673065 -1.3710744380950928 -0.26919543743133545 0.9300848245620728 0.0206750131617986 -0.048821839458360175 0.0 0.4 0.1735932084103921
2.6899383068084717 -0.016871223226189613 -0.026939883828163147 0.3963215947151184 -1.5927951335906982 -0.17214377224445343 0.7601375579833984 0.007894581972796303 -0.03180005830129108 0.0 0.4 0.13664484958274334
2.7402780055999756 -0.015514608472585678 -0.032533518970012665 0.3974095582962036 -0.8247117400169373 -0.2855267822742462 0.5399553775787354 0.007995227039382572 -0.06530725797616709 0.0 0.4 0.17206787195131068
2.7908775806427 -0.017898645251989365 -0.034106604754924774 0.3910665810108185 -0.7541348934173584 0.1016489565372467 0.27946940064430237 0.03260720227284547 -0.04288854604714358 0.0 0.4 0.23362767859492478
2.8414132595062256 -0.01607866771519184 -0.04061407595872879 0.3844701945781708 -0.8670976758003235 -0.3088817894458771 0.15786956250667572 0.005856971443678966 -0.07871917519952319 0.0 0.4 0.24323039106430397
2.8923707008361816 -0.01945880800485611 -0.04480778053402901 0.3864942789077759 -0.4304957985877991 -0.010199254378676414 -0.042901162058115005 0.03995006495329334 -0.06899314602255166 0.0 0.4 0.17852911393524973
2.943363666534424 -0.021578002721071243 -0.047669392079114914 0.3889008164405823 -0.7730761170387268 0.18781310319900513 -0.21811017394065857 0.034647509284887926 -0.06402421374771522 0.0 0.4 0.17355625492950572
2.9935786724090576 -0.022519811987876892 -0.05119415745139122 0.38680005073547363 -1.2572582960128784 -0.42087721824645996 -0.3454778790473938 0.02875947981971092 -0.07179651033165148 0.0 0.4 0.2092348671404505
3.0445308685302734 -0.02186119183897972 -0.05147363245487213 0.3845749795436859 -1.3935465812683105 -0.7810001373291016 -0.3596692383289337 0.018607634899883832 -0.052689613894260585 0.0 0.4 0.21287163655121294
3.0951590538024902 -0.01724146492779255 -0.04988913610577583 0.3883257210254669 -1.396166205406189 -0.8160114288330078 -0.4241286516189575 -0.00949875961267237 -0.040096246363842854 0.0 0.4 0.16565709631452258
3.1460556983947754 -0.015746088698506355 -0.05019860342144966 0.3933660089969635 -1.0787683725357056 -0.6272374987602234 -0.5866097211837769 0.0075745026408770115 -0.051644294215567606 0.0 0.4 0.15120897084409482
3.1963703632354736 -0.012843875214457512 -0.050545044243335724 0.394646018743515 -0.9259538650512695 -0.49548253417015076 -0.6640945672988892 -0.003810704281241169 -0.052257632026620156 0.0 0.4 0.1772402865257992
3.246668815612793 -0.008633769117295742 -0.04846404120326042 0.39425888657569885 -0.8160445094108582 -0.1837204396724701 -0.6626139283180237 -0.01582177893424705 -0.03572395295735745 0.0 0.4 0.19012206891690278
3.297602653503418 -0.005768092814832926 -0.04590369015932083 0.39338645339012146 -0.47870418429374695 0.021082522347569466 -0.7147096395492554 -0.010451854451374757 -0.030519112994054007 0.0 0.4 0.19479184952259573
3.3477678298950195 -0.0042072623036801815 -0.045417625457048416 0.38881829380989075 -0.17064611613750458 0.29015710949897766 -0.8118692636489868 -0.0044655140848195805 -0.042229620782874 0.0 0.4 0.22748470661829315
3.3983020782470703 -0.0012105152709409595 -0.04427453130483627 0.38758811354637146 -0.025262529030442238 0.30526524782180786 -0.8399637341499329 -0.01591713718951949 -0.03722991869868539 0.0 0.4 0.20456922304299982
3.448826313018799 0.003690235083922744 -0.03985823690891266 0.38834837079048157 -0.10463052988052368 0.3096999228000641 -0.7917660474777222 -0.032127525278144366 -0.013398106138223679 0.0 0.4 0.1895838436186643
3.499401807785034 0.010732712224125862 -0.03678036481142044 0.39040908217430115 -0.2482045739889145 0.44531482458114624 -0.9235943555831909 -0.05184829383556823 -0.018305346898365986 0.0 0.4 0.17818487015851142
3.549877166748047 0.015291113406419754 -0.03365929424762726 0.38924846053123474 -0.22533318400382996 0.6782830953598022 -0.8116685748100281 -0.04173204560089224 -0.014909084405359235 0.0 0.4 0.20340439124233517
3.6002070903778076 0.025278110057115555 -0.02878635562956333 0.38394758105278015 -0.2570382356643677 0.7607415914535522 -0.828415036201477 -0.08416559903836701 0.0004440478492034293 0.0 0.4 0.24016917712371708
3.6503782272338867 0.02900908887386322 -0.027731401845812798 0.3810771703720093 0.38569700717926025 1.1695902347564697 -0.701166033744812 -0.050690531155838235 -0.021253017195379118 0.0 0.4 0.22614000538241372
3.7011303901672363 0.037031371146440506 -0.021705996245145798 0.37619128823280334 -0.1768518090248108 0.827320396900177 -0.5017452239990234 -0.08384039584454694 0.014068354731741943 0.0 0.4 0.2467246341467022
3.751580238342285 0.041824694722890854 -0.02059336192905903 0.379670649766922 0.34886395931243896 1.1111280918121338 -0.5016818642616272 -0.06973677010808522 -0.013830044688644846 0.0 0.4 0.1825393167531127
3.8023388385772705 0.04763171821832657 -0.01760031469166279 0.372801274061203 0.570168673992157 1.1179300546646118 -0.35525572299957275 -0.08138441675782124 0.00022692208466887354 0.0 0.4 0.2665313465217426
3.8532745838165283 0.05270795151591301 -0.014613509178161621 0.3697258532047272 0.18376095592975616 1.00446355342865 -0.30236998200416565 -0.08206265225672611 0.0031072389429236905 0.0 0.4 0.24320526827961925
3.904019832611084 0.057962168008089066 -0.015829475596547127 0.3566106855869293 0.5954084992408752 1.120342493057251 -0.593239426612854 -0.08850940044083225 -0.02289671130348727 0.0 0.4 0.33222717784066946
3.954021453857422 0.05884800851345062 -0.014678600244224072 0.352438747882843 0.533112645149231 1.4235395193099976 -0.7507199645042419 -0.06367699925140297 -0.0076597831704006475 0.0 0.4 0.2736524104633312
4.004671335220337 0.061504773795604706 -0.01354045420885086 0.3441648483276367 0.4194650650024414 1.1065183877944946 -0.9364491105079651 -0.07678543335372479 -0.0066925559316879995 0.0 0.4 0.3141565811115821
4.055444955825806 0.06344367563724518 -0.013880179263651371 0.34359556436538696 0.23235341906547546 0.8268040418624878 -1.0674253702163696 -0.07447615204649782 -0.015787790761134613 0.0 0.4 0.2604846271614231
4.106410980224609 0.06457097828388214 -0.014753933064639568 0.3476056456565857 0.5895335078239441 0.6479372978210449 -0.8723706603050232 -0.07081553261664482 -0.01980470327734399 0.0 0.4 0.22475364777149542
4.156412839889526 0.062282271683216095 -0.015337113291025162 0.3519473075866699 0.22807715833187103 0.8983554244041443 -0.5743678212165833 -0.0481911990260369 -0.018751203215610364 0.0 0.4 0.21872074576501277
4.2075135707855225 0.06263232231140137 -0.017985505983233452 0.35474684834480286 -0.3751905858516693 0.816437840461731 -0.521954357624054 -0.06435995702172416 -0.033457230042141455 0.0 0.4 0.22916679575469165
4.257966995239258 0.061537038534879684 -0.02000521868467331 0.3644294738769531 0.0032264015171676874 0.8660491704940796 -0.3715212941169739 -0.05472829190721637 -0.031947824623947685 0.0 0.4 0.1692060078516368
4.307971954345703 0.0637248232960701 -0.016647858545184135 0.3684671223163605 -0.7821182012557983 0.728424072265625 -0.17167767882347107 -0.07658544482994593 0.0035519038053998496 0.0 0.4 0.20707088349904473
4.358126163482666 0.06684358417987823 -0.015041274018585682 0.3713330924510956 -1.1975407600402832 0.4627811014652252 -0.12342851608991623 -0.08526657151046793 -0.005381752910405916 0.0 0.4 0.21370772687657896
4.408897399902344 0.06670614331960678 -0.013213934376835823 0.380403071641922 -1.3216650485992432 0.8295997977256775 -0.19469700753688812 -0.06569588483710853 -0.002373965089294428 0.0 0.4 0.15963306737562516
4.459479093551636 0.06481391191482544 -0.013716166839003563 0.3797561526298523 -0.9461963772773743 1.378095030784607 -0.33369073271751404 -0.053426210897823845 -0.01665923839417528 0.0 0.4 0.23188044836730176
4.509646654129028 0.06292399019002914 -0.013475215993821621 0.38867446780204773 -0.7496756911277771 1.536486268043518 -0.398275762796402 -0.05148949808467195 -0.012005491301673044 0.0 0.4 0.15211736377850849
4.560399055480957 0.06219373643398285 -0.008337527513504028 0.38999703526496887 -0.9017099738121033 1.1259170770645142 -0.233197420835495 -0.057776083838824106 0.022054920856166723 0.0 0.4 0.20717460336137597
4.614079713821411 0.05607004836201668 -0.01035425066947937 0.3982592523097992 -0.38874730467796326 1.5234932899475098 0.04429556056857109 -0.02177783060067122 -0.02160662382540851 0.0 0.4 0.15100045165800985
4.664831161499023 0.05240153521299362 -0.012035004794597626 0.39827263355255127 -0.017813991755247116 1.4070379734039307 0.4909648597240448 -0.03067454375007532 -0.02195759906470519 0.0 0.4 0.2078980454488146
4.715583801269531 0.04868965595960617 -0.010001241229474545 0.4007496237754822 -0.38006657361984253 0.8426710963249207 1.0322970151901245 -0.0267324890460727 0.002027403837626481 0.0 0.4 0.18723037361746153
4.76641583442688 0.042846716940402985 -0.00860432256013155 0.39365771412849426 -0.586926281452179 0.9751424193382263 1.4958322048187256 -0.008370016229087417 -0.00035770760828652583 0.0 0.4 0.2648100018441303
4.817172288894653 0.033909063786268234 -0.006543565075844526 0.39511939883232117 -0.4655446410179138 0.9686176776885986 1.8800801038742065 0.01889105594071546 0.00563515309869711 0.0 0.4 0.20112513647228708
4.86792516708374 0.028183767572045326 -0.002989762695506215 0.3936421871185303 -0.26435694098472595 0.5196585655212402 2.2431297302246094 0.005616092387933851 0.018012775181409507 0.0 0.4 0.2243741740358307
4.919656038284302 0.016247384250164032 -0.001438272767700255 0.39616096019744873 0.0815163105726242 0.7227773666381836 2.4670064449310303 0.052920799326749327 0.007554082644059101 0.0 0.4 0.19300365898051827
4.970574378967285 0.008885069750249386 0.00031185243278741837 0.39606988430023193 -0.031774040311574936 0.4941081702709198 2.5994009971618652 0.03443188942941111 0.010617815041911904 0.0 0.4 0.21191938446787634
5.022276401519775 0.002860238077118993 0.001978805987164378 0.3975581228733063 0.20609372854232788 0.23464256525039673 2.715465545654297 0.03203546942115788 0.011646462671923955 0.0 0.4 0.1990854010642804
5.07302188873291 -0.0060547832399606705 0.004199710674583912 0.39877936244010925 0.3102439045906067 -0.008710641413927078 2.813322067260742 0.058696650351101554 0.01732613693538582 0.0 0.4 0.19955309718819678
5.123772382736206 -0.013552054762840271 0.0073602995835244656 0.4417715072631836 0.17218583822250366 -0.176289364695549 2.7177748680114746 0.057812992230144286 0.026043093423478728 0.0 0.4 -0.15299136029830918
5.174156904220581 -0.026330240070819855 0.007663688622415066 0.49479517340660095 0.4695572853088379 0.07204579561948776 2.567936658859253 0.102366802994518 0.009473606935000444 0.0 0.4 -0.28966909793723633
5.225881338119507 -0.0339338518679142 0.010864959098398685 0.5239508152008057 0.13621512055397034 -0.648398220539093 2.2898917198181152 0.07800270325128861 0.029440489929249428 0.0 0.4 -0.14487858903684278
5.279570579528809 -0.04048104211688042 0.010640953667461872 0.5344465374946594 0.24259541928768158 -1.1554287672042847 2.042853832244873 0.07516181391525897 0.009403317403696534 0.0 0.4 -0.021575626293070804
5.331314563751221 -0.05942787975072861 0.012693618424236774 0.5236862301826477 0.7779386639595032 -0.6863566637039185 1.1669001579284668 0.17588099027822884 0.02461458631445268 0.0 0.4 0.13599893382355535
5.383763551712036 -0.06205493211746216 0.012844113633036613 0.5053961277008057 0.5838730931282043 -1.5161703824996948 0.6585263013839722 0.07712672546559252 0.013731698419880593 0.0 0.4 0.19694811100960946
5.43549656867981 -0.06833695620298386 0.013174241408705711 0.4738495647907257 0.41628822684288025 -2.267521619796753 0.2067462056875229 0.1048456352799325 0.015122159670162366 0.0 0.4 0.3317519425280345
5.485548257827759 -0.07402218133211136 0.022930646315217018 0.4469659626483917 -0.36995115876197815 -1.6631165742874146 -0.4370101988315582 0.10821312428431135 0.08145116356566093 0.0 0.4 0.32414359760801226
5.537275075912476 -0.05491591617465019 0.02390602044761181 0.41679155826568604 -0.4069077670574188 -3.3095405101776123 -0.767580509185791 -0.055746512662286814 0.029617552202096414 0.0 0.4 0.3812490046232448
5.587529897689819 -0.05491591617465019 0.02390602044761181 0.41679155826568604 -0.4069077670574188 -3.3095405101776123 -0.767580509185791 0.055091681351195916 0.023972689280630118 0.0 0.4 0.16067591548182888
5.638282537460327 -0.06324177235364914 0.009442277252674103 0.3605586290359497 0.28589022159576416 -0.72955721616745 -1.3592609167099 0.11266184552791075 -0.07597810405194803 0.0 0.4 0.632887217412811
5.691629648208618 -0.060837551951408386 0.007204471621662378 0.3472079336643219 0.3787038326263428 -1.398446798324585 -1.8223793506622314 0.047556150444166695 -0.005300362483395343 0.0 0.4 0.33193890535660414
5.7433648109436035 -0.06056308001279831 0.003336826106533408 0.33415934443473816 -0.550946831703186 -2.2799854278564453 -2.366262674331665 0.059241731036027194 -0.019008439068767046 0.0 0.4 0.3491649608870193
5.798014879226685 -0.05972294881939888 0.003436143510043621 0.32417190074920654 -0.772802472114563 -1.3294665813446045 -2.8076140880584717 0.05541418968133246 0.004065492758561898 0.0 0.4 0.33715837711185015
5.8501808643341064 -0.05621282756328583 0.0036019934341311455 0.3200875520706177 -0.12024727463722229 -1.2635319232940674 -3.0768799781799316 0.03635991973764005 0.00464176036207877 0.0 0.4 0.305845454702169
5.9008214473724365 -0.05109039694070816 0.006765348836779594 0.3177838921546936 -0.4112575054168701 -1.571403980255127 -3.3312532901763916 0.021105119578286858 0.025594000176518993 0.0 0.4 0.2991152835196379
5.951571941375732 -0.045726530253887177 0.009261203929781914 0.3231505751609802 -0.17498597502708435 -1.4121967554092407 -3.4882562160491943 0.014404346334361447 0.024107560280414227 0.0 0.4 0.2400797415689175
6.002323627471924 -0.039182934910058975 0.011554097756743431 0.33021268248558044 0.12323019653558731 -1.5382351875305176 -3.628631353378296 0.0009095084725313368 0.02520565844896411 0.0 0.4 0.22255674584122687
6.053077936172485 -0.03501966595649719 0.013772066682577133 0.33928337693214417 0.1524466723203659 -0.9723406434059143 -3.659398317337036 0.010836769118244678 0.026986485865777024 0.0 0.4 0.2002572721525234
6.104806661605835 -0.02836959809064865 0.015190545469522476 0.3485433757305145 0.3388611376285553 -0.812411367893219 -3.620067596435547 -0.009041972577525946 0.023528869683193704 0.0 0.4 0.19325689487649098
6.156533241271973 -0.021236056461930275 0.016403336077928543 0.36244046688079834 0.5795478820800781 -0.822899580001831 -3.431074380874634 -0.020476300664248055 0.023557237644652354 0.0 0.4 0.14324555608448983
6.207283973693848 -0.0133065739646554 0.015830721706151962 0.37663549184799194 0.8601643443107605 -0.4365033209323883 -3.1157803535461426 -0.03310300958481475 0.012574085608285232 0.0 0.4 0.12653873074626576
6.25803542137146 -0.008025950752198696 0.013590088114142418 0.3867349326610565 1.0452513694763184 0.0926654040813446 -2.793541669845581 -0.02271972408113053 0.00048103458544935217 0.0 0.4 0.14594003528875915
6.308788061141968 0.0007644020370207727 0.013548176735639572 0.3916526138782501 0.8463961482048035 0.05192312225699425 -2.392430305480957 -0.05225359177865398 0.01344301766147906 0.0 0.4 0.1786926074257721
6.359577417373657 0.006320190615952015 0.009851333685219288 0.4012911915779114 0.8736066818237305 0.39341819286346436 -2.0272111892700195 -0.03866785650360666 -0.01183646956378307 0.0 0.4 0.13384983411296492
6.409605264663696 0.00970083475112915 0.006722376681864262 0.40153542160987854 0.9573346376419067 0.9604151248931885 -1.5576679706573486 -0.029508431296370242 -0.011888247205239535 0.0 0.4 0.20194234278704784
6.459808111190796 0.014315723441541195 0.0027117535937577486 0.4060754179954529 0.9002910256385803 1.282111406326294 -1.0796037912368774 -0.04143422673248184 -0.021099718378932254 0.0 0.4 0.16516068552131855
6.510463714599609 0.018680253997445107 -0.0044642286375164986 0.4091068208217621 0.7368435859680176 1.2155357599258423 -0.7255496382713318 -0.04407792130886698 -0.04680828461839881 0.0 0.4 0.1728751441243751
6.561249494552612 0.021555528044700623 -0.006783020682632923 0.41641971468925476 0.324226051568985 1.2624536752700806 -0.20574846863746643 -0.03809987243113347 -0.020328772490831176 0.0 0.4 0.13324116183088777
6.611967086791992 0.02345689758658409 -0.012324441224336624 0.414461225271225 0.15500414371490479 1.5513386726379395 0.12603817880153656 -0.03427474219022593 -0.044955647502696795 0.0 0.4 0.20241321075589028
6.662719488143921 0.02479727752506733 -0.019610097631812096 0.41170379519462585 -0.04723084717988968 1.4202474355697632 0.24555368721485138 -0.032303615661791324 -0.06253719248419638 0.0 0.4 0.21079631968386262
6.713470220565796 0.024039458483457565 -0.02219710499048233 0.40578773617744446 -0.06734716892242432 1.5208845138549805 0.5287457704544067 -0.019155481987939926 -0.0373613603211035 0.0 0.4 0.24002204326345994
6.7642223834991455 0.024243567138910294 -0.026227334514260292 0.40300697088241577 -0.6421432495117188 1.8555556535720825 0.577738344669342 -0.025057999013623128 -0.04993444600075331 0.0 0.4 0.22006612184650026
6.814976215362549 0.023454762995243073 -0.03204118460416794 0.3927333354949951 -0.9903374910354614 1.4455559253692627 0.5369842052459717 -0.018412267432619946 -0.0663050732959537 0.0 0.4 0.2860658196872781
6.86572790145874 0.02134845219552517 -0.03383587673306465 0.3843039572238922 -0.7830721139907837 1.241137146949768 0.6217123866081238 -0.008529170753765376 -0.04436015531749091 0.0 0.4 0.2823038222690096
6.91843056678772 0.017999669536948204 -0.03093878924846649 0.37822461128234863 -1.8910588026046753 1.441021203994751 0.7634088397026062 0.001420873288278765 -0.014380346699194139 0.0 0.4 0.27090893068876926
6.970158815383911 0.01363829430192709 -0.03580779209733009 0.3744960427284241 -1.2708489894866943 0.8795311450958252 0.7532204389572144 0.012005717015123525 -0.06399571040623729 0.0 0.4 0.25985576114089254
7.020911455154419 0.007608463056385517 -0.034508686512708664 0.37096768617630005 -1.0805628299713135 0.5259956121444702 0.9251072406768799 0.02837865912048836 -0.026797433732426015 0.0 0.4 0.2637587708714231
7.071664094924927 0.003246673848479986 -0.034708406776189804 0.372335821390152 -0.9350771903991699 0.518068790435791 1.153272271156311 0.022877859534692742 -0.03587431218804436 0.0 0.4 0.22756424207825954
7.122448205947876 -0.0025212266482412815 -0.03405630588531494 0.3730621039867401 -0.5914922952651978 -0.16753952205181122 1.3582801818847656 0.0369360030154651 -0.030206926699119882 0.0 0.4 0.2324184069007307
7.173172473907471 -0.010966870933771133 -0.033012505620718 0.3746604025363922 -0.7770406603813171 -0.2688042223453522 1.5056178569793701 0.06126232387912141 -0.026858952910059717 0.0 0.4 0.22522136400730874
7.223177433013916 -0.012620335444808006 -0.03132252022624016 0.3771749436855316 -1.1691685914993286 -0.6459226608276367 1.84457528591156 0.022891171552082035 -0.021219524088725426 0.0 0.4 0.21635110589287115
7.2740137577056885 -0.017871633172035217 -0.028118416666984558 0.3841036856174469 -1.2660036087036133 -1.0099972486495972 2.066012144088745 0.049219858236871486 -0.009261085151722661 0.0 0.4 0.1775950203594313
7.3246941566467285 -0.02228209190070629 -0.02634480968117714 0.3832535743713379 -0.9971202611923218 -1.0656394958496094 2.2274510860443115 0.048758532646817884 -0.01591085538661429 0.0 0.4 0.23574471813319325
7.375129461288452 -0.024756737053394318 -0.02412714995443821 0.3864801824092865 -0.9357437491416931 -0.9163535833358765 2.3895301818847656 0.03985727725228407 -0.011013583026605014 0.0 0.4 0.20285253356942376
7.425567388534546 -0.024867258965969086 -0.018051674589514732 0.38671284914016724 -0.9724406599998474 -1.2152142524719238 2.483279228210449 0.025917967989346456 0.017996490331498017 0.0 0.4 0.2250338652143042
7.476282835006714 -0.02465653605759144 -0.015440707094967365 0.3913184106349945 -0.6997286081314087 -1.3903652429580688 2.7388548851013184 0.023815928000289487 -9.257909783006585e-05 0.0 0.4 0.18846411674898392
7.526777505874634 -0.024914080277085304 -0.011566609144210815 0.4004666805267334 -0.46862655878067017 -1.0302441120147705 2.841015338897705 0.026862615960606406 0.011346766083626883 0.0 0.4 0.14511257095973928
7.578057289123535 -0.024879785254597664 -0.006918488536030054 0.40814343094825745 -0.011512302793562412 -0.8685123920440674 2.776297092437744 0.025110326145673365 0.020165983151183838 0.0 0.4 0.14815740969568003
7.629205226898193 -0.02381456457078457 -0.004591085948050022 0.4157889485359192 -0.18620285391807556 -0.866843581199646 2.6294314861297607 0.018010312753506515 0.00894873951595053 0.0 0.4 0.139402063083029
7.680156469345093 -0.024594517424702644 -0.001874494948424399 0.42820319533348083 0.21122774481773376 -0.13148626685142517 2.5096049308776855 0.029642827052109116 0.014007916928944587 0.0 0.4 0.09011860180653909
7.73035454750061 -0.02157413959503174 0.008302988484501839 0.4286484122276306 -0.41738611459732056 -0.5015955567359924 2.344372510910034 0.003990930960608957 0.06901571756966722 0.0 0.4 0.17549874388066275
7.781191110610962 -0.022455187514424324 0.010165701620280743 0.43209996819496155 0.2929217219352722 -0.5994642376899719 2.331073522567749 0.028133224859941776 0.021051545131071124 0.0 0.4 0.14878154874720312
7.831723690032959 -0.020055457949638367 0.014306305907666683 0.4313206374645233 0.8803732991218567 -0.26836442947387695 2.2274224758148193 0.006298311269545082 0.03878776048255696 0.0 0.4 0.17934460147072018
7.881982803344727 -0.016794303432106972 0.018894115462899208 0.4325808584690094 0.2628013789653778 -0.4701460599899292 2.0315427780151367 -0.002173003754976227 0.04618706382371092 0.0 0.4 0.16185046371564632
7.931989431381226 -0.01605609618127346 0.019159110262989998 0.4299248456954956 0.3840392231941223 -0.47657662630081177 1.8291982412338257 0.012134395101149827 0.0206663899775104 0.0 0.4 0.1926075290618398
7.982409238815308 -0.013400609605014324 0.022782469168305397 0.42839622497558594 0.35843345522880554 -0.22036665678024292 1.5895915031433105 -0.0018852671698664208 0.044269703943172325 0.0 0.4 0.18482554301267146
8.032621622085571 -0.010063578374683857 0.02668715827167034 0.42277655005455017 0.24451646208763123 -0.1496472954750061 1.3516583442687988 -0.009353648850058342 0.04995671395762809 0.0 0.4 0.2202999492268995
8.083796977996826 -0.007514549884945154 0.026607314124703407 0.41713857650756836 0.7265737652778625 -0.045700859278440475 1.2064448595046997 -0.006903586224113582 0.026093403876497105 0.0 0.4 0.22513987403750943
8.134132623672485 -0.006437861826270819 0.028777088969945908 0.413203626871109 1.1294612884521484 0.5442841649055481 1.0741474628448486 0.0005490922674469146 0.04167701861740193 0.0 0.4 0.21709543695235703
8.184181213378906 -0.003422963432967663 0.03102836012840271 0.40672507882118225 0.9281354546546936 0.34662988781929016 1.0292648077011108 -0.014118115545042892 0.04450592997364311 0.0 0.4 0.24284300039995918
8.23509407043457 -0.004801935516297817 0.029998620972037315 0.40222010016441345 1.4983049631118774 0.2926689684391022 0.9848057627677917 0.013460262951983836 0.023929556174442087 0.0 0.4 0.23248348587436948
8.285625219345093 -0.0038363991770893335 0.031777217984199524 0.4009367823600769 1.722141146659851 0.6443465948104858 0.712860643863678 -0.0013608989329351798 0.04235082777155213 0.0 0.4 0.2104969142942659
8.33637809753418 -0.0004895287565886974 0.033423639833927155 0.39610475301742554 1.2972170114517212 0.14933417737483978 0.3579942286014557 -0.01875768161511834 0.043186376606189555 0.0 0.4 0.24169455929275716
8.386772394180298 -0.0008644140907563269 0.030936190858483315 0.39576977491378784 1.8468177318572998 0.3261343240737915 0.22999687492847443 0.003632591454864074 0.016175233857888875 0.0 0.4 0.20943920477655198
8.4373197555542 -0.0002891181502491236 0.02976401522755623 0.38623741269111633 1.961622953414917 0.4965999722480774 -0.0012766687432304025 -0.002588523269999202 0.02286942392260343 0.0 0.4 0.2875593122189857
8.487789630889893 -0.00159073481336236 0.0297483429312706 0.3828890919685364 1.266427993774414 0.0452091284096241 -0.11704634130001068 0.009864956778870358 0.029732506283705586 0.0 0.4 0.24655909152788819
8.538612127304077 -0.0017902064137160778 0.01992318592965603 0.37948039174079895 1.344481348991394 0.08988087624311447 -0.6062758564949036 0.0035057564319013156 -0.037983767450570104 0.0 0.4 0.2512472925741355
8.588935136795044 0.00010611738252919167 0.013731317594647408 0.379064679145813 1.8026219606399536 -0.46897923946380615 -0.9261271953582764 -0.01087251499128947 -0.023083017256045446 0.0 0.4 0.23067509408960626
8.639846801757812 -0.0008326893439516425 0.0051150149665772915 0.38100579380989075 0.32841482758522034 -0.7044046521186829 -1.1389360427856445 0.006903361814757907 -0.0455538490944077 0.0 0.4 0.21208781724983017
8.690093278884888 0.0005381556111387908 -0.005347597412765026 0.37922483682632446 0.0020383959636092186 -0.5696848034858704 -1.3803995847702026 -0.008184106152776646 -0.06771218345446627 0.0 0.4 0.24196772900002467
8.740402221679688 -0.00036618992453441024 -0.012132006697356701 0.37713170051574707 -0.05584441497921944 -0.2663029730319977 -1.1367195844650269 0.00629767109265351 -0.05248973367333894 0.0 0.4 0.2473183160137827
8.791010856628418 0.0015212144935503602 -0.020280268043279648 0.37705492973327637 -0.47411221265792847 -0.1594184935092926 -0.701382577419281 -0.012171013257861244 -0.06849132293410139 0.0 0.4 0.23338143788208962
8.84177017211914 0.0017528482712805271 -0.028409810736775398 0.3792426288127899 -0.6479470729827881 -0.28369593620300293 -0.2929728031158447 -0.0025842549152701208 -0.0763792064160763 0.0 0.4 0.21524330425837698
8.891926765441895 0.002568983007222414 -0.03236514329910278 0.3819862902164459 -1.1821988821029663 0.01268967054784298 0.18035341799259186 -0.0069139812196995195 -0.05596009172119548 0.0 0.4 0.20861298939485393
8.941929340362549 0.0063736108131706715 -0.03636828064918518 0.3782765865325928 -1.2535796165466309 -0.29056546092033386 0.7373859286308289 -0.028665915945241677 -0.06034009856070423 0.0 0.4 0.26107919885450653
8.992585897445679 0.006887607276439667 -0.03955981135368347 0.37908679246902466 -1.2401466369628906 -0.3379332721233368 1.058089017868042 -0.009400687430397197 -0.058434265926363874 0.0 0.4 0.22757570101839558
9.0429527759552 0.006798803806304932 -0.04256262630224228 0.3776206076145172 -1.3630446195602417 0.694161593914032 1.1232675313949585 -0.0057423834944755996 -0.06044242197474947 0.0 0.4 0.24664023708206773
9.093371629714966 0.009400831535458565 -0.04542416334152222 0.37737005949020386 -1.2420648336410522 0.5854330658912659 1.097202181816101 -0.024359903319060842 -0.062467076735895175 0.0 0.4 0.23877801835454796
9.143877506256104 0.007821313105523586 -0.043524790555238724 0.3745133876800537 -1.5498501062393188 0.5463805794715881 0.8304599523544312 0.002079920608142426 -0.032281487130406586 0.0 0.4 0.26185989820089384
9.194815874099731 0.011300332844257355 -0.041629448533058167 0.3734566271305084 -1.9959194660186768 0.5703814625740051 0.7047408223152161 -0.031275738395034614 -0.030527362645294424 0.0 0.4 0.2506982826810105
9.245426893234253 0.012859504669904709 -0.04079095274209976 0.38252463936805725 -1.6615616083145142 0.019593633711338043 0.5038231015205383 -0.02159352996510734 -0.035902047582697535 0.0 0.4 0.16753407762654698
9.295511722564697 0.013806650415062904 -0.03435368835926056 0.3919717073440552 -1.7221338748931885 -0.0767577737569809 0.42287784814834595 -0.018978513783169254 0.004104331238313934 0.0 0.4 0.1540926383198575
9.346124649047852 0.016008011996746063 -0.030188659206032753 0.40211477875709534 -1.6500147581100464 0.3536211848258972 0.4770508408546448 -0.028562388617774666 -0.005617600063711498 0.0 0.4 0.13868015185950644
9.39612889289856 0.0157969631254673 -0.0255588348954916 0.40570494532585144 -0.8153513073921204 0.44124698638916016 0.6295338869094849 -0.014044888379072454 0.0020873325057402525 0.0 0.4 0.18217889540140117
9.447258710861206 0.013517040759325027 -0.02140006795525551 0.40782612562179565 -0.6992056369781494 0.9156439900398254 0.8602319955825806 0.00033861102530417103 0.0028587290196595144 0.0 0.4 0.1908185477851859
9.498037815093994 0.014046215452253819 -0.014250866137444973 0.40750548243522644 -0.5375502109527588 0.9267895817756653 1.2654147148132324 -0.016701152115573256 0.027834725698304037 0.0 0.4 0.20858500846255906
9.548632621765137 0.01171991229057312 -0.010025503113865852 0.4085637927055359 -0.2219439148902893 0.6699461340904236 1.62360417842865 0.002538693205086715 0.014871008971680779 0.0 0.4 0.19706052845397784
9.598827123641968 0.01171991229057312 -0.010025503113865852 0.4085637927055359 -0.2219439148902893 0.6699461340904236 1.62360417842865 -0.011260916500350831 -0.01018815413766231 0.0 0.4 0.2044990564847464
9.649325132369995 0.004621172323822975 -0.003074396401643753 0.40812936425209045 0.3032589852809906 0.6434680223464966 2.1071391105651855 0.038006092886102884 0.03805497654279452 0.0 0.4 0.20786495452449075
9.69973373413086 -0.0010288526536896825 0.0005150266806595027 0.4076153039932251 0.03904202580451965 0.7635816931724548 2.2135679721832275 0.035108179284499795 0.021710390732546096 0.0 0.4 0.20874278190587456
9.750038385391235 -0.005678295623511076 0.0023214698303490877 0.4088336229324341 0.5653944611549377 0.4045164883136749 2.2657556533813477 0.03386165920701422 0.01292859821004589 0.0 0.4 0.19437884904456623
9.800623178482056 -0.010961493477225304 0.004305150359869003 0.4089615046977997 0.6847351789474487 -0.22395649552345276 2.3953847885131836 0.042754077405507324 0.015905423505154153 0.0 0.4 0.20194869796480283
9.851444482803345 -0.015528199262917042 0.0031619982328265905 0.4125427305698395 0.6834772825241089 -0.3555015027523041 2.412734270095825 0.04295222012679814 -0.0037483869367527676 0.0 0.4 0.1724894313575508
9.901789665222168 -0.01810700260102749 0.004089765716344118 0.4148879647254944 1.313372015953064 -0.16136547923088074 2.3415656089782715 0.03394879417564847 0.00945771291663845 0.0 0.4 0.1782633767990066
9.95270037651062 -0.024939479306340218 0.0025324737653136253 0.41887563467025757 1.2711268663406372 -0.16148744523525238 2.4656689167022705 0.06568702268912746 -0.0068029387413928175 0.0 0.4 0.16153016493742958
10.00284743309021 -0.028031829744577408 0.0009416478569619358 0.41927021741867065 0.834173321723938 -0.5593529343605042 2.4007835388183594 0.04703081982564484 -0.008733251453122221 0.0 0.4 0.18649615152940874
